126.075 19.8044 -146.1 -0.473164 65.8199 54.3675 0
66.459 95.987 10.99 -108.129 -1.897 60.442 -9.722

180.0 -377.0 143.555 90.0 0.0 -90.0 1 12
55.747 152.451 12.556 -107.982 -120.14 92.605 74.835
180.0 -377.0 84.4196 90.0 0.0 -90.0 1 12
55.866 158.025 12.071 -105.372 -121.594 93.696 79.124
211.016 -330.074 266.879 -180.0 0.0 180.0 1 12
26.621 114.011 18.069 -91.661 -7.264 62.449 47.322
124.149 -485.0 120.306 -180.0 0.0 180.0 1 12
36.237 146.698 18.432 -59.924 -17.265 63.33 53.935
124.149 -485.0 53.4226 -180.0 0.0 180.0 1 12
36.441 153.807 18.337 -56.855 -16.785 62.223 53.932
124.149 -386.555 53.4226 -180.0 0.0 180.0 1 12
27.98 143.138 17.929 -76.788 -16.577 50.993 50.522

78.0 -125.0 246.379 -19.4972 0.0 180.0 -1 -1
123.979 -8.57428 -109.709 -14.1303 65.5378 71.3296 0
78.0 -125.0 222.963 -18.6447 0.0 180.0 -1 -1
124.953 -10.5606 -108.064 -14.6677 63.8361 73.9376 0
78.0 -125.0 349.981 -19.0 0.0 180.0 -1 -1
139.016 -16.7484 -91.7928 -62.2252 -40.0781 127.731 0
127.0 -264.75 152.5 67.907 0.0 180.0 -1 -1
139.016 -16.7484 -91.7928 -62.2252 -40.0781 127.731 0
127.0 -316.75 152.5 68.0201 0.0 180.0 -1 -1
142.725 -14.6154 -90.2311 -67.5929 -44.4981 127.737 0
127.0 -261.363 152.5 67.7247 0.0 180.0 -1 -1
139.48 -15.2627 -93.5495 -67.5802 -43.5266 129.573 0

198.5 -177.0 77.9304 180.0 0.0 0.0 1 45
-6.128 130.828 39.694 -110.685 -38.831 42.215 -119.996
198.5 -177.0 50.8111 180.0 0.0 0.0 1 45
-6.992 133.353 37.508 -112.224 -39.494 34.558 -120.352
198.5 -177.0 261.759 180.0 0.0 0.0 1 45
-0.669 131.415 13.602 -113.273 -85.239 -73.681 -64.438
125.5 -402.75 109.0 90.0 0.0 0.0 5 60
5.977 157.676 15.272 -93.67 -83.033 -72.181 -69.794
125.5 -461.75 109.0 90.0 0.0 0.0 5 60
11.399 160.456 16.242 -86.785 -81.53 -70.282 -68.584
125.5 -402.462 109.0 90.0 0.0 0.0 5 60
5.977 157.676 15.272 -93.67 -83.033 -72.181 -69.794

-72.0 -275.0 249.547 -17.8077 0.0 180 -1 -1
146.527 3.0751 -116.817 -4.2074 51.951 52.0381 0
-72.0 -275.0 222.444 -17.806 0.0 180.0 -1 -1
148.454 0.762565 -115.258 -2.09124 51.068 49.8497 0
-72.0 -275.0 427.485 -17.8058 0.0 180.0 -1 -1
135.456 19.1287 -123.568 -20.1989 57.7243 63.6114 0
127.25 -497.75 372.944 -19.6125 0.0 180.0 -1 -1
144.122 4.60355 -85.7642 -40.09 54.3889 56.787 0
127.25 -497.75 320.0 -19.6096 0.0 180.0 -1 -1
146.148 1.42408 -84.2797 -37.1221 53.3568 54.6279 0
127.25 -497.75 448.69 -19.6114 0.0 180.0 -1 -1
141.106 9.38504 -87.2845 -45.1267 55.9932 59.8964 0