NEWCONFIG
CartDock1
0
3
NEWTASK0
	RMMASq1
	-90.000000, 1579.000000, -1655.000000
	464.997404, 305.087522
	473.719488, -152.965395
	0
	0.000000, 0.000000
	0.000000, 0.000000
	1
ENDTASK0
NEWTASK1
	RMMASq2
	0.000000, 2669.000000, 123.000000
	433.354201, 206.086667
	428.962534, -252.452559
	0
	0.000000, 0.000000
	0.000000, 0.000000
	1
ENDTASK1
NEWTASK2
	CartDock1
	0.000000, 5863.000000, 3345.000000
	465.375000, 279.525000
	457.988000, -179.663000
	1
	0.000000, 0.000000
	0.000000, 0.000000
	1
ENDTASK2
ENDCONFIG