NEWCONFIG
CartDock1
0
3
NEWTASK0
	RMMASq1
	-90.000000, -693.000000, -1560.000000
	448.792265, 247.883394
	448.792265, -212.899940
	0
	0.000000, 0.000000
	0.000000, 0.000000
	1
ENDTASK0
NEWTASK1
	RMMASq2
	0.000000, 369.000000, 218.000000
	441.649211, 187.593414
	439.509387, -271.158930
	0
	0.000000, 0.000000
	0.000000, 0.000000
	1
ENDTASK1
NEWTASK2
	CartDock1
	0.000000, 3624.000000, 3393.000000
	465.375000, 279.525000
	457.988000, -179.663000
	1
	0.000000, 0.000000
	0.000000, 0.000000
	1
ENDTASK2
ENDCONFIG