NEWCONFIG
CartDock1
0
3
NEWTASK0
	RMMASq2
	0.000000, 2249.000000, 140.000000
	455.268992, 267.882837
	463.599408, -188.200476
	307.901735, 363.455964
	0
	0.000000, 0.000000
	0.000000, 0.000000
	1
ENDTASK0
NEWTASK1
	RMMASq1
	-90.000000, 1215.000000, -1605.000000
	470.890938, 278.090697
	480.392189, -184.725299
	311.259915, 344.837462
	0
	0.000000, 0.000000
	0.000000, 0.000000
	1
ENDTASK1
NEWTASK2
	CartDock1
	0.000000, 5448.000000, 3381.000000
	465.375000, 279.525000
	457.988000, -179.663000
	307.901735, 363.455964
	1
	0.000000, 0.000000
	0.000000, 0.000000
	1
ENDTASK2
ENDCONFIG